<?xml version="1.0"?>
<opencv_storage>
<R type_id="opencv-matrix">
  <rows>3</rows>
  <cols>3</cols>
  <dt>d</dt>
  <data>
    9.9980507311385591e-001 -1.8670402479799592e-002
    -6.4212029277624259e-003 1.8393473480283834e-002
    9.9899903036005355e-001 -4.0775206596690552e-002
    7.1760650169369897e-003 4.0649150186873456e-002
    9.9914771214268294e-001</data></R>
<T type_id="opencv-matrix">
  <rows>3</rows>
  <cols>1</cols>
  <dt>d</dt>
  <data>
    -6.4111964668008028e+001 1.7840816980765561e+000
    1.2656808951839995e+000</data></T>
<R1 type_id="opencv-matrix">
  <rows>3</rows>
  <cols>3</cols>
  <dt>d</dt>
  <data>
    9.9857050481962373e-001 -4.7245134643829144e-002
    -2.4996882941041486e-002 4.6727349635725626e-002
    9.9868884476952602e-001 -2.0908039815586511e-002
    2.5951911303453676e-002 1.9710113784449673e-002
    9.9946886380432176e-001</data></R1>
<R2 type_id="opencv-matrix">
  <rows>3</rows>
  <cols>3</cols>
  <dt>d</dt>
  <data>
    9.9941845231746240e-001 -2.7811410533629996e-002
    -1.9730246108395542e-002 2.8206573301509909e-002
    9.9940119546549977e-001 2.0040951192910814e-002
    1.9161064426448503e-002 -2.0585819057302016e-002
    9.9960446060618691e-001</data></R2>
<P1 type_id="opencv-matrix">
  <rows>3</rows>
  <cols>4</cols>
  <dt>d</dt>
  <data>
    5.2383746033608827e+002 0. 3.4062202453613281e+002 0. 0.
    5.2383746033608827e+002 2.2777511405944824e+002 0. 0. 0. 1. 0.</data></P1>
<P2 type_id="opencv-matrix">
  <rows>3</rows>
  <cols>4</cols>
  <dt>d</dt>
  <data>
    5.2383746033608827e+002 0. 3.4062202453613281e+002
    -3.3603790955601042e+004 0. 5.2383746033608827e+002
    2.2777511405944824e+002 0. 0. 0. 1. 0.</data></P2>
<Q type_id="opencv-matrix">
  <rows>4</rows>
  <cols>4</cols>
  <dt>d</dt>
  <data>
    1. 0. 0. -3.4062202453613281e+002 0. 1. 0. -2.2777511405944824e+002
    0. 0. 0. 5.2383746033608827e+002 0. 0. 1.5588641800212589e-002 0.</data></Q>
</opencv_storage>
