<?xml version="1.0"?>
<opencv_storage>
<M1 type_id="opencv-matrix">
  <rows>3</rows>
  <cols>3</cols>
  <dt>d</dt>
  <data>
    5.8884274774473306e+002 0. 3.2013469096243904e+002 0.
    5.8896308526246344e+002 2.1812366718410843e+002 0. 0. 1.</data></M1>
<D1 type_id="opencv-matrix">
  <rows>1</rows>
  <cols>14</cols>
  <dt>d</dt>
  <data>
    8.9096024836404483e-002 -3.0219688516896109e-001 0. 0. 0. 0. 0.
    5.0506480501829685e-003 0. 0. 0. 0. 0. 0.</data></D1>
<M2 type_id="opencv-matrix">
  <rows>3</rows>
  <cols>3</cols>
  <dt>d</dt>
  <data>
    5.8884274774473306e+002 0. 3.2584347243708311e+002 0.
    5.8896308526246344e+002 2.3923334573772695e+002 0. 0. 1.</data></M2>
<D2 type_id="opencv-matrix">
  <rows>1</rows>
  <cols>14</cols>
  <dt>d</dt>
  <data>
    1.1236896319764728e-001 -5.6854118979594837e-001 0. 0. 0. 0. 0.
    -7.9008356101811594e-001 0. 0. 0. 0. 0. 0.</data></D2>
</opencv_storage>
